#ifndef COMMON_H
#define COMMON_H
#include <stdint.h>
#include <time.h>

#define CNT_TABLE_CONTENT { 4, 259, 65539, 16777219, 259, 514, 65794, 16777474, 65539, 65794, \
131074, 16842754, 16777219, 16777474, 16842754, 33554434, 259, 514, 65794, 16777474, \
514, 769, 66049, 16777729, 65794, 66049, 131329, 16843009, 16777474, 16777729, \
16843009, 33554689, 65539, 65794, 131074, 16842754, 65794, 66049, 131329, 16843009, \
131074, 131329, 196609, 16908289, 16842754, 16843009, 16908289, 33619969, 16777219, 16777474, \
16842754, 33554434, 16777474, 16777729, 16843009, 33554689, 16842754, 16843009, 16908289, 33619969, \
33554434, 33554689, 33619969, 50331649, 259, 514, 65794, 16777474, 514, 769, \
66049, 16777729, 65794, 66049, 131329, 16843009, 16777474, 16777729, 16843009, 33554689, \
514, 769, 66049, 16777729, 769, 1024, 66304, 16777984, 66049, 66304, \
131584, 16843264, 16777729, 16777984, 16843264, 33554944, 65794, 66049, 131329, 16843009, \
66049, 66304, 131584, 16843264, 131329, 131584, 196864, 16908544, 16843009, 16843264, \
16908544, 33620224, 16777474, 16777729, 16843009, 33554689, 16777729, 16777984, 16843264, 33554944, \
16843009, 16843264, 16908544, 33620224, 33554689, 33554944, 33620224, 50331904, 65539, 65794, \
131074, 16842754, 65794, 66049, 131329, 16843009, 131074, 131329, 196609, 16908289, \
16842754, 16843009, 16908289, 33619969, 65794, 66049, 131329, 16843009, 66049, 66304, \
131584, 16843264, 131329, 131584, 196864, 16908544, 16843009, 16843264, 16908544, 33620224, \
131074, 131329, 196609, 16908289, 131329, 131584, 196864, 16908544, 196609, 196864, \
262144, 16973824, 16908289, 16908544, 16973824, 33685504, 16842754, 16843009, 16908289, 33619969, \
16843009, 16843264, 16908544, 33620224, 16908289, 16908544, 16973824, 33685504, 33619969, 33620224, \
33685504, 50397184, 16777219, 16777474, 16842754, 33554434, 16777474, 16777729, 16843009, 33554689, \
16842754, 16843009, 16908289, 33619969, 33554434, 33554689, 33619969, 50331649, 16777474, 16777729, \
16843009, 33554689, 16777729, 16777984, 16843264, 33554944, 16843009, 16843264, 16908544, 33620224, \
33554689, 33554944, 33620224, 50331904, 16842754, 16843009, 16908289, 33619969, 16843009, 16843264, \
16908544, 33620224, 16908289, 16908544, 16973824, 33685504, 33619969, 33620224, 33685504, 50397184, \
33554434, 33554689, 33619969, 50331649, 33554689, 33554944, 33620224, 50331904, 33619969, 33620224, \
33685504, 50397184, 50331649, 50331904, 50397184, 67108864 }; 

#define OCC_INTV_SHIFT 7
#define OCC_INTERVAL   (1LL<<OCC_INTV_SHIFT)
#define OCC_INTV_MASK  (OCC_INTERVAL - 1)

#define MIN_SEED_LEN 19
#define MAX_INTV 0
#define MAX_INTV_ALLOC 256
#define BATCH_SIZE 1024
#define SEQ_LENGTH 256

typedef uint64_t bwtint_t;
const uint32_t cnt_table[256] = CNT_TABLE_CONTENT

timespec diff(timespec& start, timespec& end);

timespec tic( );

double toc( timespec& start_time );


#endif
